
N = 64^2
mode = par1 (non-overlapped I/O)
+---------+----------------+----------+------------+-------+
| Threads | Execution time | Speed-up | Efficiency | Alpha |
+---------+----------------+----------+------------+-------+
|   seq   |    3.606704    |          |            |       |
|    2    |    2.474269    |  1,4576  |   0,7288   | 0,37  |
|    3    |    2.258232    |  1,5971  |   0,5323   | 0,43  |
|    4    |    2.155975    |  1,6728  |   0,4182   | 0,46  |
|    5    |    2.052680    |  1,7570  |   0,3514   | 0,46  |
|    6    |    2.076234    |  1,7371  |   0,2895   | 0,49  |
|    7    |    2.040468    |  1,7675  |   0,2525   | 0,49  |
|    8    |    2.327030    |  1,5499  |   0,1937   | 0,59  |
|    9    |    2.434065    |  1,4817  |   0,1646   | 0,63  |
|   10    |    2.493936    |  1,4461  |   0,1446   | 0,65  |
|   11    |    2.365887    |  1,5244  |   0,1385   | 0,62  |
|   12    |    2.455081    |  1,4690  |   0,1224   | 0,65  |
|   13    |    2.478792    |  1,4550  |   0,1119   | 0,66  |
|   14    |    2.756328    |  1,3085  |   0,0934   | 0,74  |
|   15    |    3.152476    |  1,1440  |   0,0762   | 0,86  |
|   16    |    3.108755    |  1,1601  |   0,0725   | 0,85  |
+---------+----------------+----------+------------+-------+


N = 64^2
mode = par2 (overlapped I/O)
+---------+----------------+----------+------------+-------+
| Threads | Execution time | Speed-up | Efficiency | Alpha |
+---------+----------------+----------+------------+-------+
|   seq   |   3.606704     |          |            |       |
|    2    |   2.761853     |  1,3059  |   0,6529   | 0,53  |
|    3    |   3.092802     |  1,1661  |   0,3887   | 0,78  |
|    4    |   4.517335     |  0,7984  |   0,1996   | 1,00  |
|    5    |   3.229764     |  1,1167  |   0,2233   | 0,86  |
|    6    |   3.336271     |  1,0810  |   0,1801   | 0,91  |
|    7    |   2.858522     |  1,2617  |   0,1802   | 0,75  |
|    8    |   2.933234     |  1,2295  |   0,1536   | 0,78  |
|    9    |   5.395947     |  0,6684  |   0,0742   | 1,00  |
|   10    |   2.835523     |  1,2719  |   0,1271   | 0,76  |
|   11    |   3.881798     |  0,9291  |   0,0844   | 1,00  |
|   12    |   2.744992     |  1,3139  |   0,1094   | 0,73  |
|   13    |   4.817649     |  0,7486  |   0,0575   | 1,00  |
|   14    |   3.169275     |  1,1380  |   0,0812   | 0,86  |
|   15    |   3.938811     |  0,9156  |   0,0610   | 1,00  |
|   16    |   3.138847     |  1,1490  |   0,0718   | 0,86  |
+---------+----------------+----------+------------+-------+
|     Optimal disk write intensity for 16 threads  |  60   |
+---------+----------------+----------+--------------------+

================================================================================

N = 128^2
mode = par1 (non-overlapped I/O)
+---------+----------------+----------+------------+-------+
| Threads | Execution time | Speed-up | Efficiency | Alpha |
+---------+----------------+----------+------------+-------+
|   seq   |    6.460405    |          |            |       |
|    2    |    3.585910    |  1,8016  |   0,9008   | 0,11  |
|    3    |    2.707469    |  2,3861  |   0,7953   | 0,12  |
|    4    |    2.327492    |  2,7756  |   0,6939   | 0,14  |
|    5    |    2.089056    |  3,0924  |   0,6184   | 0,15  |
|    6    |    1.954649    |  3,3051  |   0,5508   | 0,16  |
|    7    |    1.854786    |  3,4830  |   0,4975   | 0,16  |
|    8    |    1.779494    |  3,6304  |   0,4538   | 0,17  |
|    9    |    1.791282    |  3,6065  |   0,4007   | 0,18  |
|   10    |    1.723663    |  3,7480  |   0,3748   | 0,18  |
|   11    |    1.655189    |  3,9031  |   0,3548   | 0,18  |
|   12    |    1.784327    |  3,6206  |   0,3017   | 0,21  |
|   13    |    1.797584    |  3,5939  |   0,2764   | 0,21  |
|   14    |    1.710181    |  3,7776  |   0,2698   | 0,20  |
|   15    |    2.035111    |  3,1744  |   0,2116   | 0,26  |
|   16    |    4.872705    |  1,3258  |   0,0828   | 0,73  |
+---------+----------------+----------+------------+-------+


N = 128^2
mode = par2 (overlapped I/O)
+---------+----------------+----------+------------+-------+
| Threads | Execution time | Speed-up | Efficiency | Alpha |
+---------+----------------+----------+------------+-------+
|   seq   |    6.460405    |          |            |       |
|    2    |    2.017004    |  3,2029  |   1,6014   | 0,00  |
|    3    |    1.982125    |  3,2593  |   1,0864   | 0,00  |
|    4    |    2.049808    |  3,1517  |   0,7879   | 0,08  |
|    5    |    2.295966    |  2,8138  |   0,5627   | 0,19  |
|    6    |    2.719581    |  2,3755  |   0,3959   | 0,30  |
|    7    |    2.283808    |  2,8287  |   0,4041   | 0,24  |
|    8    |    1.876952    |  3,4419  |   0,4302   | 0,18  |
|    9    |    1.919596    |  3,3655  |   0,3739   | 0,20  |
|   10    |    2.551997    |  2,5315  |   0,2531   | 0,32  |
|   11    |    1.718117    |  3,7601  |   0,3418   | 0,19  |
|   12    |    1.893653    |  3,4116  |   0,2843   | 0,22  |
|   13    |    1.915098    |  3,3734  |   0,2594   | 0,23  |
|   14    |    3.234608    |  1,9972  |   0,1426   | 0,46  |
|   15    |    2.081347    |  3,1039  |   0,2069   | 0,27  |
|   16    |    2.088352    |  3,0935  |   0,1933   | 0,27  |
+---------+----------------+----------+------------+-------+
|     Optimal disk write intensity for 16 threads  |  60   |
+---------+----------------+----------+--------------------+

================================================================================

N = 256^2
mode = par1 (non-overlapped I/O)
+---------+----------------+----------+------------+-------+
| Threads | Execution time | Speed-up | Efficiency | Alpha |
+---------+----------------+----------+------------+-------+
|   seq   |   12.42897     |          |            |       |
|    2    |    6.529508    |  1,9035  |   0,9517   | 0,05  |
|    3    |    4.5626      |  2,7240  |   0,9080   | 0,05  |
|    4    |    3.762535    |  3,3033  |   0,8258   | 0,07  |
|    5    |    3.108824    |  3,9979  |   0,7995   | 0,06  |
|    6    |    2.702185    |  4,5995  |   0,7665   | 0,06  |
|    7    |    2.505195    |  4,9612  |   0,7087   | 0,06  |
|    8    |    2.376134    |  5,2307  |   0,6538   | 0,07  |
|    9    |    2.198528    |  5,6533  |   0,6281   | 0,07  |
|   10    |    2.284689    |  5,4401  |   0,5440   | 0,09  |
|   11    |    1.98309     |  6,2674  |   0,5697   | 0,07  |
|   12    |    1.945056    |  6,3900  |   0,5325   | 0,07  |
|   13    |    2.099997    |  5,9185  |   0,4552   | 0,09  |
|   14    |    2.149489    |  5,7822  |   0,4130   | 0,10  |
|   15    |    1.858537    |  6,6875  |   0,4458   | 0,08  |
|   16    |    2.06245     |  6,0263  |   0,3766   | 0,11  |
+---------+----------------+----------+------------+-------+


N = 256^2
mode = par2 (overlapped I/O)
+---------+----------------+----------+------------+-------+
| Threads | Execution time | Speed-up | Efficiency | Alpha |
+---------+----------------+----------+------------+-------+
|   seq   |   12.42897     |          |            |       |
|    2    |    4.077304    |  3,0483  |   1,5241   | 0,00  |
|    3    |    1.871627    |  6,6407  |   2,2135   | 0,00  |
|    4    |    1.813261    |  6,8544  |   1,7136   | 0,00  |
|    5    |    1.961172    |  6,3375  |   1,2675   | 0,00  |
|    6    |    1.946728    |  6,3845  |   1,0640   | 0,00  |
|    7    |    1.901026    |  6,5380  |   0,9340   | 0,01  |
|    8    |    1.846107    |  6,7325  |   0,8415   | 0,02  |
|    9    |    1.987709    |  6,2529  |   0,6947   | 0,05  |
|   10    |    2.765616    |  4,4941  |   0,4494   | 0,13  |
|   11    |    3.680188    |  3,3772  |   0,3070   | 0,22  |
|   12    |    2.090978    |  5,9440  |   0,4953   | 0,09  |
|   13    |    2.40052     |  5,1776  |   0,3982   | 0,12  |
|   14    |    1.844038    |  6,7400  |   0,4814   | 0,08  |
|   15    |    1.942182    |  6,3994  |   0,4266   | 0,09  |
|   16    |    3.058572    |  4,0636  |   0,2539   | 0,19  |
+---------+----------------+----------+------------+-------+
|     Optimal disk write intensity for 16 threads  |  50   |
+---------+----------------+----------+--------------------+

================================================================================

N = 512^2
mode = par1 (non-overlapped I/O)
+---------+----------------+----------+------------+-------+
| Threads | Execution time | Speed-up | Efficiency | Alpha |
+---------+----------------+----------+------------+-------+
|   seq   |   26.75974     |          |            |       |
|    2    |   13.4288      |  1,9927  |   0,9963   | 0,00  |
|    3    |    9.80599     |  2,7289  |   0,9096   | 0,04  |
|    4    |    7.018498    |  3,8127  |   0,9531   | 0,01  |
|    5    |    6.210834    |  4,3085  |   0,8617   | 0,04  |
|    6    |    5.17136     |  5,1746  |   0,8624   | 0,03  |
|    7    |    4.662935    |  5,7388  |   0,8198   | 0,03  |
|    8    |    4.412375    |  6,0647  |   0,7580   | 0,04  |
|    9    |    4.237206    |  6,3154  |   0,7017   | 0,05  |
|   10    |    3.766783    |  7,1041  |   0,7104   | 0,04  |
|   11    |    3.801134    |  7,0399  |   0,6399   | 0,05  |
|   12    |    3.559971    |  7,5168  |   0,6264   | 0,05  |
|   13    |    3.885689    |  6,8867  |   0,5297   | 0,07  |
|   14    |    3.171894    |  8,4365  |   0,6026   | 0,05  |
|   15    |    2.985932    |  8,9619  |   0,5974   | 0,04  |
|   16    |    3.792751    |  7,0554  |   0,4409   | 0,08  |
+---------+----------------+----------+------------+-------+


N = 512^2
mode = par2 (overlapped I/O)
+---------+----------------+----------+------------+-------+
| Threads | Execution time | Speed-up | Efficiency | Alpha |
+---------+----------------+----------+------------+-------+
|   seq   |    26.75974    |          |            |       |
|    2    |     5.32872    |  5,0217  |   2,5108   | 0,00  |
|    3    |     3.076983   |  8,6967  |   2,8989   | 0,00  |
|    4    |     6.001433   |  4,4588  |   1,1147   | 0,00  |
|    5    |     3.574511   |  7,4862  |   1,4972   | 0,00  |
|    6    |     4.152865   |  6,4436  |   1,0739   | 0,00  |
|    7    |     3.081031   |  8,6853  |   1,2407   | 0,00  |
|    8    |     3.062191   |  8,7387  |   1,0923   | 0,00  |
|    9    |     3.002511   |  8,9124  |   0,9902   | 0,00  |
|   10    |     5.329238   |  5,0213  |   0,5021   | 0,11  |
|   11    |     4.232696   |  6,3221  |   0,5747   | 0,07  |
|   12    |     2.873904   |  9,3112  |   0,7759   | 0,02  |
|   13    |     5.678709   |  4,7122  |   0,3624   | 0,14  |
|   14    |     3.883513   |  6,8906  |   0,4921   | 0,07  |
|   15    |     3.023616   |  8,8502  |   0,5900   | 0,04  |
|   16    |     2.927315   |  9,1413  |   0,5713   | 0,05  |
+---------+----------------+----------+------------+-------+
|     Optimal disk write intensity for 16 threads  |  70   |
+---------+----------------+----------+--------------------+

================================================================================

N = 1024^2
mode = par1 (non-overlapped I/O)
+---------+----------------+----------+------------+-------+
| Threads | Execution time | Speed-up | Efficiency | Alpha |
+---------+----------------+----------+------------+-------+
|   seq   |    55.41123    |          |            |       |
|    2    |    27.52312    |  2,0132  |   1,0066   | 0,00  |
|    3    |    19.00056    |  2,9162  |   0,9720   | 0,01  |
|    4    |    14.78159    |  3,7486  |   0,9371   | 0,02  |
|    5    |    12.26773    |  4,5168  |   0,9033   | 0,02  |
|    6    |    10.41805    |  5,3187  |   0,8864   | 0,02  |
|    7    |     8.990356   |  6,1634  |   0,8804   | 0,02  |
|    8    |     8.464524   |  6,5462  |   0,8182   | 0,03  |
|    9    |     7.511939   |  7,3764  |   0,8196   | 0,02  |
|   10    |     7.405777   |  7,4821  |   0,7482   | 0,03  |
|   11    |     6.478532   |  8,5530  |   0,7775   | 0,02  |
|   12    |     6.416198   |  8,6361  |   0,7196   | 0,03  |
|   13    |     6.065492   |  9,1354  |   0,7027   | 0,03  |
|   14    |     5.979479   |  9,2668  |   0,6619   | 0,03  |
|   15    |     7.818633   |  7,0870  |   0,4724   | 0,07  |
|   16    |     5.331418   | 10,3933  |   0,6495   | 0,03  |
+---------+----------------+----------+------------+-------+


N = 1024^2
mode = par2 (overlapped I/O)
+---------+----------------+----------+------------+-------+
| Threads | Execution time | Speed-up | Efficiency | Alpha |
+---------+----------------+----------+------------+-------+
|   seq   |   55.41123     |          |            |       |
|    2    |    9.569582    |  5,7903  |   2,8951   | 0,00  |
|    3    |    6.120013    |  9,0541  |   3,0180   | 0,00  |
|    4    |    5.592571    |  9,9080  |   2,4770   | 0,00  |
|    5    |    7.731386    |  7,1670  |   1,4334   | 0,00  |
|    6    |    6.076856    |  9,1184  |   1,5197   | 0,00  |
|    7    |    6.684715    |  8,2892  |   1,1841   | 0,00  |
|    8    |    6.004865    |  9,2277  |   1,1534   | 0,00  |
|    9    |    5.525055    | 10,0290  |   1,1143   | 0,00  |
|   10    |    6.386862    |  8,6758  |   0,8675   | 0,01  |
|   11    |    8.774623    |  6,3149  |   0,5740   | 0,07  |
|   12    |    7.409205    |  7,4787  |   0,6232   | 0,05  |
|   13    |    5.797424    |  9,5579  |   0,7352   | 0,03  |
|   14    |    8.775717    |  6,3141  |   0,4510   | 0,09  |
|   15    |    5.262474    | 10,5295  |   0,7019   | 0,03  |
|   16    |    6.033353    |  9,1841  |   0,5740   | 0,04  |
+---------+----------------+----------+------------+-------+
|     Optimal disk write intensity for 16 threads  |  70   |
+---------+----------------+----------+--------------------+

================================================================================

Alfa se lisi pro ruzny pocet vlaken, protoze neni linearni zrychleni pro vice vlaken.
Napr. pro 12 vlaken neni zrychleni 12, ale jen 7,5.